drug 10 11 aciami 9646 9647 color=(12.84766,7.59976,134.63362,0.5)
drug 10 11 aciami 10142 10143 color=(12.84766,7.59976,134.63362,0.5)
drug 10 11 aciami 8070 8071 color=(12.84766,7.59976,134.63362,0.5)
drug 10 11 aciami 3929 3930 color=(12.84766,7.59976,134.63362,0.5)
drug 10 11 aciami 4215 4216 color=(12.84766,7.59976,134.63362,0.5)
drug 10 11 aciami 2096 2097 color=(12.84766,7.59976,134.63362,0.5)
drug 10 11 aciami 9 10 color=(12.84766,7.59976,134.63362,0.5)
drug 10 11 aciami 2098 2099 color=(12.84766,7.59976,134.63362,0.5)
drug 10 11 aciami 195 196 color=(12.84766,7.59976,134.63362,0.5)
drug 10 11 aciami 1312 1313 color=(12.84766,7.59976,134.63362,0.5)
drug 10 11 aciami 1274 1275 color=(12.84766,7.59976,134.63362,0.5)
drug 10 11 aciami 3883 3884 color=(12.84766,7.59976,134.63362,0.5)
drug 10 11 aciami 1088 1089 color=(12.84766,7.59976,134.63362,0.5)
drug 10 11 aciami 6494 6495 color=(12.84766,7.59976,134.63362,0.5)
drug 10 11 aciami 5006 5007 color=(12.84766,7.59976,134.63362,0.5)
drug 10 11 aciami 4339 4340 color=(12.84766,7.59976,134.63362,0.5)
drug 10 11 aciami 4993 4994 color=(12.84766,7.59976,134.63362,0.5)
drug 10 11 aciami 9830 9831 color=(12.84766,7.59976,134.63362,0.5)
drug 10 11 aciami 4086 4087 color=(12.84766,7.59976,134.63362,0.5)
drug 10 11 aciami 620 621 color=(12.84766,7.59976,134.63362,0.5)
drug 10 11 aciami 4704 4705 color=(12.84766,7.59976,134.63362,0.5)
drug 10 11 aciami 4985 4986 color=(12.84766,7.59976,134.63362,0.5)
drug 10 11 aciami 7792 7793 color=(12.84766,7.59976,134.63362,0.5)
drug 10 11 aciami 3644 3645 color=(12.84766,7.59976,134.63362,0.5)
drug 10 11 aciami 1487 1488 color=(12.84766,7.59976,134.63362,0.5)
drug 10 11 aciami 11166 11167 color=(12.84766,7.59976,134.63362,0.5)
drug 10 11 aciami 2289 2290 color=(12.84766,7.59976,134.63362,0.5)
drug 10 11 aciami 1073 1074 color=(12.84766,7.59976,134.63362,0.5)
drug 10 11 aciami 2907 2908 color=(12.84766,7.59976,134.63362,0.5)
drug 10 11 aciami 1449 1450 color=(12.84766,7.59976,134.63362,0.5)
drug 10 11 aciami 174 175 color=(12.84766,7.59976,134.63362,0.5)
drug 10 11 aciami 118 119 color=(69.9187,3.0878,158.79411,0.5)
drug 10 11 aciami 9435 9436 color=(69.9187,3.0878,158.79411,0.5)
drug 10 11 aciami 3231 3232 color=(69.9187,3.0878,158.79411,0.5)
drug 10 11 aciami 4332 4333 color=(69.9187,3.0878,158.79411,0.5)
drug 10 11 aciami 4361 4362 color=(69.9187,3.0878,158.79411,0.5)
drug 10 11 aciami 87 88 color=(69.9187,3.0878,158.79411,0.5)
drug 10 11 aciami 2734 2735 color=(69.9187,3.0878,158.79411,0.5)
drug 10 11 aciami 622 623 color=(69.9187,3.0878,158.79411,0.5)
drug 10 11 aciami 660 661 color=(69.9187,3.0878,158.79411,0.5)
drug 10 11 aciami 1108 1109 color=(69.9187,3.0878,158.79411,0.5)
drug 10 11 aciami 1401 1402 color=(69.9187,3.0878,158.79411,0.5)
drug 10 11 aciami 8653 8654 color=(69.9187,3.0878,158.79411,0.5)
drug 10 11 aciami 4127 4128 color=(114.16707,0.5304,168.3612,0.5)
drug 10 11 aciami 9937 9938 color=(114.16707,0.5304,168.3612,0.5)
drug 10 11 aciami 6462 6463 color=(114.16707,0.5304,168.3612,0.5)
drug 10 11 aciami 1495 1496 color=(155.72008,23.00202,158.08751,0.5)
drug 10 11 aciami 178 179 color=(215.93094,87.3505,107.24764,0.5)
