drug 5 6 aciami 0 1 color=(12.84766,7.59976,134.63362,0.5)
drug 5 6 aciami 7 8 color=(12.84766,7.59976,134.63362,0.5)
drug 5 6 aciami 20356 20357 color=(12.84766,7.59976,134.63362,0.5)
drug 5 6 aciami 199 200 color=(12.84766,7.59976,134.63362,0.5)
drug 5 6 aciami 1273 1274 color=(12.84766,7.59976,134.63362,0.5)
drug 5 6 aciami 13005 13006 color=(12.84766,7.59976,134.63362,0.5)
drug 5 6 aciami 507 508 color=(12.84766,7.59976,134.63362,0.5)
drug 5 6 aciami 1 2 color=(12.84766,7.59976,134.63362,0.5)
drug 5 6 aciami 2451 2452 color=(12.84766,7.59976,134.63362,0.5)
drug 5 6 aciami 2745 2746 color=(12.84766,7.59976,134.63362,0.5)
drug 5 6 aciami 7103 7104 color=(12.84766,7.59976,134.63362,0.5)
drug 5 6 aciami 6737 6738 color=(12.84766,7.59976,134.63362,0.5)
drug 5 6 aciami 2080 2081 color=(12.84766,7.59976,134.63362,0.5)
drug 5 6 aciami 256 257 color=(12.84766,7.59976,134.63362,0.5)
drug 5 6 aciami 248 249 color=(12.84766,7.59976,134.63362,0.5)
drug 5 6 aciami 18 19 color=(12.84766,7.59976,134.63362,0.5)
drug 5 6 aciami 1709 1710 color=(69.9187,3.0878,158.79411,0.5)
drug 5 6 aciami 576 577 color=(69.9187,3.0878,158.79411,0.5)
drug 5 6 aciami 191 192 color=(69.9187,3.0878,158.79411,0.5)
drug 5 6 aciami 187 188 color=(69.9187,3.0878,158.79411,0.5)
drug 5 6 aciami 2053 2054 color=(69.9187,3.0878,158.79411,0.5)
drug 5 6 aciami 2098 2099 color=(69.9187,3.0878,158.79411,0.5)
drug 5 6 aciami 18992 18993 color=(69.9187,3.0878,158.79411,0.5)
drug 5 6 aciami 9 10 color=(69.9187,3.0878,158.79411,0.5)
drug 5 6 aciami 1312 1313 color=(69.9187,3.0878,158.79411,0.5)
drug 5 6 aciami 174 175 color=(69.9187,3.0878,158.79411,0.5)
drug 5 6 aciami 6029 6030 color=(69.9187,3.0878,158.79411,0.5)
drug 5 6 aciami 1085 1086 color=(69.9187,3.0878,158.79411,0.5)
drug 5 6 aciami 10577 10578 color=(114.16707,0.5304,168.3612,0.5)
drug 5 6 aciami 6051 6052 color=(114.16707,0.5304,168.3612,0.5)
drug 5 6 aciami 5953 5954 color=(114.16707,0.5304,168.3612,0.5)
drug 5 6 aciami 2854 2855 color=(155.72008,23.00202,158.08751,0.5)
drug 5 6 aciami 118 119 color=(155.72008,23.00202,158.08751,0.5)
drug 5 6 aciami 20218 20219 color=(155.72008,23.00202,158.08751,0.5)
drug 5 6 aciami 2734 2735 color=(155.72008,23.00202,158.08751,0.5)
drug 5 6 aciami 5161 5162 color=(188.73646,54.53532,133.67508,0.5)
drug 5 6 aciami 4998 4999 color=(188.73646,54.53532,133.67508,0.5)
drug 5 6 aciami 8048 8049 color=(188.73646,54.53532,133.67508,0.5)
drug 5 6 aciami 3929 3930 color=(188.73646,54.53532,133.67508,0.5)
drug 5 6 aciami 4127 4128 color=(215.93094,87.3505,107.24764,0.5)
drug 5 6 aciami 4339 4340 color=(236.7239,120.60862,83.14708,0.5)
drug 5 6 aciami 2096 2097 color=(236.7239,120.60862,83.14708,0.5)
drug 5 6 aciami 7743 7744 color=(250.67546,159.1534,58.12394,0.5)
drug 5 6 aciami 195 196 color=(239.70383,248.66529,33.48813,0.5)
drug 5 6 aciami 2907 2908 color=(239.70383,248.66529,33.48813,0.5)
drug 5 6 aciami 2463 2464 color=(239.70383,248.66529,33.48813,0.5)
drug 5 6 aciami 4705 4706 color=(239.70383,248.66529,33.48813,0.5)
