drug 5 6 aciami 1201 1202 color=(12.84766,7.59976,134.63362,0.5)
drug 5 6 aciami 1 2 color=(12.84766,7.59976,134.63362,0.5)
drug 5 6 aciami 27004 27005 color=(12.84766,7.59976,134.63362,0.5)
drug 5 6 aciami 26 27 color=(12.84766,7.59976,134.63362,0.5)
drug 5 6 aciami 42523 42524 color=(12.84766,7.59976,134.63362,0.5)
drug 5 6 aciami 21 22 color=(12.84766,7.59976,134.63362,0.5)
drug 5 6 aciami 21959 21960 color=(12.84766,7.59976,134.63362,0.5)
drug 5 6 aciami 0 1 color=(12.84766,7.59976,134.63362,0.5)
drug 5 6 aciami 186 187 color=(12.84766,7.59976,134.63362,0.5)
drug 5 6 aciami 68 69 color=(12.84766,7.59976,134.63362,0.5)
drug 5 6 aciami 12190 12191 color=(12.84766,7.59976,134.63362,0.5)
drug 5 6 aciami 2765 2766 color=(12.84766,7.59976,134.63362,0.5)
drug 5 6 aciami 6125 6126 color=(12.84766,7.59976,134.63362,0.5)
drug 5 6 aciami 20873 20874 color=(12.84766,7.59976,134.63362,0.5)
drug 5 6 aciami 29707 29708 color=(12.84766,7.59976,134.63362,0.5)
drug 5 6 aciami 11542 11543 color=(12.84766,7.59976,134.63362,0.5)
drug 5 6 aciami 1164 1165 color=(12.84766,7.59976,134.63362,0.5)
drug 5 6 aciami 65791 65792 color=(12.84766,7.59976,134.63362,0.5)
drug 5 6 aciami 2365 2366 color=(12.84766,7.59976,134.63362,0.5)
drug 5 6 aciami 10993 10994 color=(12.84766,7.59976,134.63362,0.5)
drug 5 6 aciami 114 115 color=(12.84766,7.59976,134.63362,0.5)
drug 5 6 aciami 5536 5537 color=(12.84766,7.59976,134.63362,0.5)
drug 5 6 aciami 9753 9754 color=(12.84766,7.59976,134.63362,0.5)
drug 5 6 aciami 22475 22476 color=(12.84766,7.59976,134.63362,0.5)
drug 5 6 aciami 330 331 color=(12.84766,7.59976,134.63362,0.5)
drug 5 6 aciami 30466 30467 color=(12.84766,7.59976,134.63362,0.5)
drug 5 6 aciami 12191 12192 color=(12.84766,7.59976,134.63362,0.5)
drug 5 6 aciami 55772 55773 color=(12.84766,7.59976,134.63362,0.5)
drug 5 6 aciami 10409 10410 color=(12.84766,7.59976,134.63362,0.5)
drug 5 6 aciami 15562 15563 color=(12.84766,7.59976,134.63362,0.5)
drug 5 6 aciami 13677 13678 color=(12.84766,7.59976,134.63362,0.5)
drug 5 6 aciami 24410 24411 color=(12.84766,7.59976,134.63362,0.5)
drug 5 6 aciami 1140 1141 color=(12.84766,7.59976,134.63362,0.5)
drug 5 6 aciami 3458 3459 color=(12.84766,7.59976,134.63362,0.5)
drug 5 6 aciami 78691 78692 color=(12.84766,7.59976,134.63362,0.5)
drug 5 6 aciami 26822 26823 color=(12.84766,7.59976,134.63362,0.5)
drug 5 6 aciami 24391 24392 color=(12.84766,7.59976,134.63362,0.5)
drug 5 6 aciami 65579 65580 color=(12.84766,7.59976,134.63362,0.5)
drug 5 6 aciami 5955 5956 color=(12.84766,7.59976,134.63362,0.5)
drug 5 6 aciami 22506 22507 color=(12.84766,7.59976,134.63362,0.5)
drug 5 6 aciami 80066 80067 color=(12.84766,7.59976,134.63362,0.5)
drug 5 6 aciami 37071 37072 color=(69.9187,3.0878,158.79411,0.5)
drug 5 6 aciami 38 39 color=(69.9187,3.0878,158.79411,0.5)
drug 5 6 aciami 843 844 color=(69.9187,3.0878,158.79411,0.5)
drug 5 6 aciami 329 330 color=(69.9187,3.0878,158.79411,0.5)
drug 5 6 aciami 2834 2835 color=(69.9187,3.0878,158.79411,0.5)
drug 5 6 aciami 214 215 color=(69.9187,3.0878,158.79411,0.5)
drug 5 6 aciami 21646 21647 color=(69.9187,3.0878,158.79411,0.5)
drug 5 6 aciami 453 454 color=(69.9187,3.0878,158.79411,0.5)
drug 5 6 aciami 36863 36864 color=(69.9187,3.0878,158.79411,0.5)
drug 5 6 aciami 36735 36736 color=(69.9187,3.0878,158.79411,0.5)
drug 5 6 aciami 14650 14651 color=(69.9187,3.0878,158.79411,0.5)
drug 5 6 aciami 2633 2634 color=(69.9187,3.0878,158.79411,0.5)
drug 5 6 aciami 8695 8696 color=(69.9187,3.0878,158.79411,0.5)
drug 5 6 aciami 428 429 color=(69.9187,3.0878,158.79411,0.5)
drug 5 6 aciami 1015 1016 color=(69.9187,3.0878,158.79411,0.5)
drug 5 6 aciami 7313 7314 color=(69.9187,3.0878,158.79411,0.5)
drug 5 6 aciami 40231 40232 color=(69.9187,3.0878,158.79411,0.5)
drug 5 6 aciami 406 407 color=(69.9187,3.0878,158.79411,0.5)
drug 5 6 aciami 75203 75204 color=(69.9187,3.0878,158.79411,0.5)
drug 5 6 aciami 3766 3767 color=(69.9187,3.0878,158.79411,0.5)
drug 5 6 aciami 5485 5486 color=(69.9187,3.0878,158.79411,0.5)
drug 5 6 aciami 173 174 color=(69.9187,3.0878,158.79411,0.5)
drug 5 6 aciami 507 508 color=(69.9187,3.0878,158.79411,0.5)
drug 5 6 aciami 11114 11115 color=(69.9187,3.0878,158.79411,0.5)
drug 5 6 aciami 40939 40940 color=(69.9187,3.0878,158.79411,0.5)
drug 5 6 aciami 9802 9803 color=(69.9187,3.0878,158.79411,0.5)
drug 5 6 aciami 7138 7139 color=(69.9187,3.0878,158.79411,0.5)
drug 5 6 aciami 24645 24646 color=(69.9187,3.0878,158.79411,0.5)
drug 5 6 aciami 3529 3530 color=(69.9187,3.0878,158.79411,0.5)
drug 5 6 aciami 8524 8525 color=(69.9187,3.0878,158.79411,0.5)
drug 5 6 aciami 27645 27646 color=(114.16707,0.5304,168.3612,0.5)
drug 5 6 aciami 64682 64683 color=(114.16707,0.5304,168.3612,0.5)
drug 5 6 aciami 16097 16098 color=(114.16707,0.5304,168.3612,0.5)
drug 5 6 aciami 24627 24628 color=(114.16707,0.5304,168.3612,0.5)
drug 5 6 aciami 24680 24681 color=(114.16707,0.5304,168.3612,0.5)
drug 5 6 aciami 72507 72508 color=(114.16707,0.5304,168.3612,0.5)
drug 5 6 aciami 2900 2901 color=(114.16707,0.5304,168.3612,0.5)
drug 5 6 aciami 29071 29072 color=(114.16707,0.5304,168.3612,0.5)
drug 5 6 aciami 14700 14701 color=(114.16707,0.5304,168.3612,0.5)
drug 5 6 aciami 304 305 color=(155.72008,23.00202,158.08751,0.5)
drug 5 6 aciami 11129 11130 color=(155.72008,23.00202,158.08751,0.5)
drug 5 6 aciami 23462 23463 color=(155.72008,23.00202,158.08751,0.5)
drug 5 6 aciami 1798 1799 color=(155.72008,23.00202,158.08751,0.5)
drug 5 6 aciami 5981 5982 color=(155.72008,23.00202,158.08751,0.5)
drug 5 6 aciami 80376 80377 color=(155.72008,23.00202,158.08751,0.5)
drug 5 6 aciami 37091 37092 color=(155.72008,23.00202,158.08751,0.5)
drug 5 6 aciami 3028 3029 color=(155.72008,23.00202,158.08751,0.5)
drug 5 6 aciami 13877 13878 color=(188.73646,54.53532,133.67508,0.5)
drug 5 6 aciami 29566 29567 color=(188.73646,54.53532,133.67508,0.5)
drug 5 6 aciami 11673 11674 color=(188.73646,54.53532,133.67508,0.5)
drug 5 6 aciami 9323 9324 color=(188.73646,54.53532,133.67508,0.5)
drug 5 6 aciami 23482 23483 color=(188.73646,54.53532,133.67508,0.5)
drug 5 6 aciami 38416 38417 color=(188.73646,54.53532,133.67508,0.5)
drug 5 6 aciami 36728 36729 color=(188.73646,54.53532,133.67508,0.5)
drug 5 6 aciami 25265 25266 color=(188.73646,54.53532,133.67508,0.5)
drug 5 6 aciami 6429 6430 color=(188.73646,54.53532,133.67508,0.5)
drug 5 6 aciami 11996 11997 color=(215.93094,87.3505,107.24764,0.5)
drug 5 6 aciami 3708 3709 color=(215.93094,87.3505,107.24764,0.5)
drug 5 6 aciami 8518 8519 color=(215.93094,87.3505,107.24764,0.5)
drug 5 6 aciami 57151 57152 color=(215.93094,87.3505,107.24764,0.5)
drug 5 6 aciami 2955 2956 color=(215.93094,87.3505,107.24764,0.5)
drug 5 6 aciami 7619 7620 color=(236.7239,120.60862,83.14708,0.5)
drug 5 6 aciami 9806 9807 color=(236.7239,120.60862,83.14708,0.5)
drug 5 6 aciami 10872 10873 color=(236.7239,120.60862,83.14708,0.5)
drug 5 6 aciami 6653 6654 color=(236.7239,120.60862,83.14708,0.5)
drug 5 6 aciami 65406 65407 color=(236.7239,120.60862,83.14708,0.5)
drug 5 6 aciami 2985 2986 color=(236.7239,120.60862,83.14708,0.5)
drug 5 6 aciami 10846 10847 color=(236.7239,120.60862,83.14708,0.5)
drug 5 6 aciami 2841 2842 color=(250.67546,159.1534,58.12394,0.5)
drug 5 6 aciami 13966 13967 color=(250.67546,159.1534,58.12394,0.5)
drug 5 6 aciami 63774 63775 color=(250.67546,159.1534,58.12394,0.5)
drug 5 6 aciami 4255 4256 color=(252.7583,201.58694,38.09114,0.5)
drug 5 6 aciami 17721 17722 color=(252.7583,201.58694,38.09114,0.5)
drug 5 6 aciami 30399 30400 color=(252.7583,201.58694,38.09114,0.5)
drug 5 6 aciami 88 89 color=(239.70383,248.66529,33.48813,0.5)
drug 5 6 aciami 6403 6404 color=(239.70383,248.66529,33.48813,0.5)
drug 5 6 aciami 6542 6543 color=(239.70383,248.66529,33.48813,0.5)
drug 5 6 aciami 39808 39809 color=(239.70383,248.66529,33.48813,0.5)
drug 5 6 aciami 15245 15246 color=(239.70383,248.66529,33.48813,0.5)
drug 5 6 aciami 1547 1548 color=(239.70383,248.66529,33.48813,0.5)
