drug 10 11 aciami 8738 8739 color=(12.84766,7.59976,134.63362,0.5)
drug 10 11 aciami 457 458 color=(12.84766,7.59976,134.63362,0.5)
drug 10 11 aciami 288 289 color=(12.84766,7.59976,134.63362,0.5)
drug 10 11 aciami 7646 7647 color=(12.84766,7.59976,134.63362,0.5)
drug 10 11 aciami 9604 9605 color=(12.84766,7.59976,134.63362,0.5)
drug 10 11 aciami 11112 11113 color=(12.84766,7.59976,134.63362,0.5)
drug 10 11 aciami 10498 10499 color=(12.84766,7.59976,134.63362,0.5)
drug 10 11 aciami 43 44 color=(12.84766,7.59976,134.63362,0.5)
drug 10 11 aciami 81322 81323 color=(12.84766,7.59976,134.63362,0.5)
drug 10 11 aciami 3544 3545 color=(12.84766,7.59976,134.63362,0.5)
drug 10 11 aciami 37055 37056 color=(12.84766,7.59976,134.63362,0.5)
drug 10 11 aciami 2019 2020 color=(12.84766,7.59976,134.63362,0.5)
drug 10 11 aciami 230 231 color=(12.84766,7.59976,134.63362,0.5)
drug 10 11 aciami 76076 76077 color=(12.84766,7.59976,134.63362,0.5)
drug 10 11 aciami 470 471 color=(12.84766,7.59976,134.63362,0.5)
drug 10 11 aciami 30081 30082 color=(12.84766,7.59976,134.63362,0.5)
drug 10 11 aciami 34601 34602 color=(12.84766,7.59976,134.63362,0.5)
drug 10 11 aciami 35546 35547 color=(12.84766,7.59976,134.63362,0.5)
drug 10 11 aciami 13064 13065 color=(12.84766,7.59976,134.63362,0.5)
drug 10 11 aciami 28767 28768 color=(12.84766,7.59976,134.63362,0.5)
drug 10 11 aciami 8427 8428 color=(12.84766,7.59976,134.63362,0.5)
drug 10 11 aciami 1497 1498 color=(12.84766,7.59976,134.63362,0.5)
drug 10 11 aciami 1836 1837 color=(12.84766,7.59976,134.63362,0.5)
drug 10 11 aciami 81090 81091 color=(12.84766,7.59976,134.63362,0.5)
drug 10 11 aciami 323 324 color=(12.84766,7.59976,134.63362,0.5)
drug 10 11 aciami 18810 18811 color=(12.84766,7.59976,134.63362,0.5)
drug 10 11 aciami 3343 3344 color=(12.84766,7.59976,134.63362,0.5)
drug 10 11 aciami 2799 2800 color=(12.84766,7.59976,134.63362,0.5)
drug 10 11 aciami 8446 8447 color=(12.84766,7.59976,134.63362,0.5)
drug 10 11 aciami 2794 2795 color=(12.84766,7.59976,134.63362,0.5)
drug 10 11 aciami 9493 9494 color=(12.84766,7.59976,134.63362,0.5)
drug 10 11 aciami 372 373 color=(12.84766,7.59976,134.63362,0.5)
drug 10 11 aciami 79792 79793 color=(12.84766,7.59976,134.63362,0.5)
drug 10 11 aciami 8409 8410 color=(12.84766,7.59976,134.63362,0.5)
drug 10 11 aciami 8627 8628 color=(12.84766,7.59976,134.63362,0.5)
drug 10 11 aciami 15891 15892 color=(12.84766,7.59976,134.63362,0.5)
drug 10 11 aciami 135542 135543 color=(12.84766,7.59976,134.63362,0.5)
drug 10 11 aciami 80794 80795 color=(12.84766,7.59976,134.63362,0.5)
drug 10 11 aciami 8605 8606 color=(12.84766,7.59976,134.63362,0.5)
drug 10 11 aciami 93405 93406 color=(12.84766,7.59976,134.63362,0.5)
drug 10 11 aciami 8428 8429 color=(12.84766,7.59976,134.63362,0.5)
drug 10 11 aciami 70180 70181 color=(12.84766,7.59976,134.63362,0.5)
drug 10 11 aciami 10096 10097 color=(12.84766,7.59976,134.63362,0.5)
drug 10 11 aciami 3335 3336 color=(12.84766,7.59976,134.63362,0.5)
drug 10 11 aciami 1838 1839 color=(12.84766,7.59976,134.63362,0.5)
drug 10 11 aciami 1482 1483 color=(12.84766,7.59976,134.63362,0.5)
drug 10 11 aciami 35269 35270 color=(12.84766,7.59976,134.63362,0.5)
drug 10 11 aciami 13011 13012 color=(12.84766,7.59976,134.63362,0.5)
drug 10 11 aciami 17856 17857 color=(12.84766,7.59976,134.63362,0.5)
drug 10 11 aciami 10083 10084 color=(12.84766,7.59976,134.63362,0.5)
drug 10 11 aciami 9130 9131 color=(12.84766,7.59976,134.63362,0.5)
drug 10 11 aciami 398 399 color=(12.84766,7.59976,134.63362,0.5)
drug 10 11 aciami 3726 3727 color=(12.84766,7.59976,134.63362,0.5)
drug 10 11 aciami 17898 17899 color=(69.9187,3.0878,158.79411,0.5)
drug 10 11 aciami 127 128 color=(69.9187,3.0878,158.79411,0.5)
drug 10 11 aciami 93144 93145 color=(69.9187,3.0878,158.79411,0.5)
drug 10 11 aciami 438 439 color=(69.9187,3.0878,158.79411,0.5)
drug 10 11 aciami 11311 11312 color=(69.9187,3.0878,158.79411,0.5)
drug 10 11 aciami 2504 2505 color=(69.9187,3.0878,158.79411,0.5)
drug 10 11 aciami 8430 8431 color=(69.9187,3.0878,158.79411,0.5)
drug 10 11 aciami 14185 14186 color=(69.9187,3.0878,158.79411,0.5)
drug 10 11 aciami 77270 77271 color=(69.9187,3.0878,158.79411,0.5)
drug 10 11 aciami 9370 9371 color=(69.9187,3.0878,158.79411,0.5)
drug 10 11 aciami 2006 2007 color=(69.9187,3.0878,158.79411,0.5)
drug 10 11 aciami 15850 15851 color=(69.9187,3.0878,158.79411,0.5)
drug 10 11 aciami 11464 11465 color=(69.9187,3.0878,158.79411,0.5)
drug 10 11 aciami 72074 72075 color=(69.9187,3.0878,158.79411,0.5)
drug 10 11 aciami 80842 80843 color=(69.9187,3.0878,158.79411,0.5)
drug 10 11 aciami 389 390 color=(69.9187,3.0878,158.79411,0.5)
drug 10 11 aciami 71971 71972 color=(69.9187,3.0878,158.79411,0.5)
drug 10 11 aciami 76077 76078 color=(69.9187,3.0878,158.79411,0.5)
drug 10 11 aciami 23602 23603 color=(69.9187,3.0878,158.79411,0.5)
drug 10 11 aciami 9018 9019 color=(69.9187,3.0878,158.79411,0.5)
drug 10 11 aciami 17888 17889 color=(69.9187,3.0878,158.79411,0.5)
drug 10 11 aciami 15852 15853 color=(69.9187,3.0878,158.79411,0.5)
drug 10 11 aciami 5662 5663 color=(114.16707,0.5304,168.3612,0.5)
drug 10 11 aciami 9570 9571 color=(114.16707,0.5304,168.3612,0.5)
drug 10 11 aciami 11326 11327 color=(114.16707,0.5304,168.3612,0.5)
drug 10 11 aciami 11388 11389 color=(155.72008,23.00202,158.08751,0.5)
drug 10 11 aciami 282 283 color=(215.93094,87.3505,107.24764,0.5)
